0 0 939
0 1 663
0 2 832
0 3 779
0 4 736
0 5 425
0 6 734
0 7 274
0 8 500
0 9 19
1 0 537
1 1 724
1 2 207
1 3 619
1 4 784
1 5 866
1 6 330
1 7 68
1 8 5
1 9 435
2 0 215
2 1 756
2 2 543
2 3 964
2 4 210
2 5 407
2 6 178
2 7 643
2 8 761
2 9 689
3 0 179
3 1 120
3 2 114
3 3 871
3 4 972
3 5 262
3 6 9
3 7 519
3 8 790
3 9 302
4 0 988
4 1 226
4 2 334
4 3 960
4 4 468
4 5 888
4 6 782
4 7 716
4 8 824
4 9 347
5 0 182
5 1 439
5 2 60
5 3 632
5 4 789
5 5 358
5 6 1000
5 7 818
5 8 319
5 9 246
6 0 953
6 1 159
6 2 457
6 3 466
6 4 505
6 5 372
6 6 326
6 7 135
6 8 683
6 9 103
7 0 119
7 1 110
7 2 764
7 3 384
7 4 95
7 5 802
7 6 262
7 7 768
7 8 615
7 9 936
8 0 248
8 1 553
8 2 957
8 3 207
8 4 689
8 5 282
8 6 213
8 7 353
8 8 94
8 9 287
9 0 978
9 1 473
9 2 600
9 3 876
9 4 995
9 5 28
9 6 832
9 7 93
9 8 63
9 9 53
